0008
0026
0033
0046
0064
0070
0074
0117
0139
0143
0148
0160
0165
0171
0172
0188
0216
0220
0225
0227
0241
0246
0250
0261
0271
0276
0279
0280
0305
0309
0310
0315
0398
0400
0410
0415
0484
0505
0508
0528
0538
0539
0541
0549
0553
0556
0574
0632
0650
0660
0661
0663
0687
0730
0731
0754
0760
0784
0798
0799
0815
0818
0827
0829
0834
0853
0854
0864
0919
0935
0941
0949
0952
0955
0957
0983
0989
1000
1004
1015
1024
1025
1030
1034
1099
1103
1110
1115
1128
1129
1131
1142
1152
1154
1173
1174
1177
1182
1190
1193
1199
1203
1206
1213
1220
1223
1238
1245
1246
1248
1267
1279
1281
1309
1317
1319
1326
1343
1355
1375
1381
1392
1395
1421
1423
1436
1443
1463
1484
1489
1495
1500
1506
1517
1530
1583
1586
1589
1591
1592
1595
1619
1632
1650
1663
1697
1706
1707
1710
1729
1731
1733
1746
1750
1751
1758
1766
1785
1798
1800
1805
1809
1814
1824
1836
1850
1853
1856
1870
1893
1896
1912
1918
1938
1948
1965
1967
1974
1976
1981
1999
2000
2011
2019
2022
2024
2030
2041
2057
2058
2072
2075
2081
2096
2107
2117
2152
2154
2161
2175
2178
2208
2212
2223
2225
2231
2255
2258
2293
2295
2299
2301
2323
2359
2361
2384
2389
2407
2408
2418
2424
2435
2437
2454
2456
2469
2476
2489
2492
2498
2500
2518
2519
2521
2523
2555
2559
2560
2568
2588
2602
2603
2608
2610
2619
2626
2659
2675
2697
2707
2715
2735
2736
2737
2768
2828
2846
2870
2891
2894
2902
2903
2912
2927
2929
2933
2934
2937
2945
2946
2974
2994
3057
3068
3077
3079
3090
3091
3094
3119
3126
3131
3134
3136
3147
3149
3181
3188
3214
3221
3235
3236
3258
3263
3275
3284
3300
3307
3310
3311
3313
3315
3324
3337
3339
3370
3373
3375
3376
3388
3396
3403
3424
3438
3443
3450
3455
3459
3477
3495
3496
3500
3502
3504
3507
3509
3514
3520
3539
3540
3549
3560
3579
3592
3595
3599
3603
3624
3627
3630
3647
3653
3655
3662
3676
3677
3689
3699
3714
3719
3728
3740
3742
3749
3752
3756
3758
3761
3780
3789
3804
3807
3811
3860
3862
3863
3868
3877
3907
3908
3922
3924
3928
3929
3936
3942
3943
3944
3947
3950
3972
3974
3976
3982
3987
4011
4018
4035
4044
4055
4063
4073
4082
4086
4101
4123
4126
4128
4131
4139
4153
4163
4165
4170
4177
4192
4199
4208
4220
4228
4251
4259
4260
4261
4298
4305
4306
4315
4316
4319
4323
4326
4331
4344
4358
4361
4367
4380
4393
4396
4452
4454
4461
4478
4493
4499
4500
4502
4505
4510
4534
4550
4551
4567
4569
4572
4581
4588
4592
4606
4629
4639
4644
4653
4664
4673
4685
4719
4733
4788
4789
4814
4826
4833
4836
4853
4864
4866
4875
4898
4902
4907
4909
4913
4918
4923
4926
4932
4936
4942
4949
4961
4965
4981
4989
4990
5004
5010
5022
5045
5057
5065
5067
5081
5103
5122
5146
5154
5160
5161
5211
5212
5226
5230
5234
5263
5281
5294
5318
5334
5339
5350
5355
5364
5370
5399
5402
5406
5410
5415
5422
5423
5426
5428
5430
5431
5432
5440
5442
5455
5465
5481
5483
5486
5500
5516
5557
5598
5609
5613
5626
5629
5637
5639
5642
5657
5668
5701
5706
5716
5746
5752
5759
5770
5783
5805
5826
5867
5876
5882
5915
5917
5921
5923
5931
5938
5945
5947
5963
5974
5977
5982
5995
6006
6007
6011
6020
6031
6033
6035
6059
6061
6076
6091
6121
6136
6154
6177
6182
6191
