000008
000026
000033
000046
000064
000070
000074
000117
000139
000143
000148
000160
000165
000171
000172
000188
000216
000220
000225
000227
000241
000246
000250
000261
000271
000276
000279
000280
000305
000309
000310
000315
000398
000400
000410
000415
000484
000505
000508
000528
000538
000539
000541
000549
000553
000556
000574
000632
000650
000660
000661
000663
000687
000730
000731
000754
000760
000784
000798
000799
000815
000818
000827
000829
000834
000853
000854
000864
000919
000935
000941
000952
000955
000957
000983
000989
001000
001004
001015
001024
001025
001030
001034
001099
001103
001110
001115
001128
001129
001131
001142
001152
001154
001173
001174
001177
001182
001190
001193
001199
001203
001206
001213
001220
001223
001238
001245
001246
001248
001267
001279
001281
001309
001317
001319
001326
001343
001355
001375
001381
001392
001395
001421
001423
001436
001443
001463
001484
001489
001495
001500
001506
001517
001530
001583
001586
001589
001591
001592
001595
001619
001632
001650
001663
001697
001706
001707
001710
001729
001731
001733
001746
001750
001751
001758
001766
001785
001798
001800
001805
001809
001814
001824
001836
001850
001853
001856
001870
001893
001896
001912
001918
001938
001948
001965
001967
001974
001976
001981
001999
002000
002011
002019
002022
002024
002030
002041
002057
002058
002072
002075
002081
002096
002107
002117
002152
002154
002161
002175
002178
002208
002212
002223
002225
002231
002255
002258
002293
002295
002299
002301
002323
002359
002361
002384
002389
002407
002408
002418
002424
002435
002437
002454
002456
002469
002476
002489
002492
002498
002500
002518
002519
002521
002523
002555
002559
002560
002568
002588
002602
002603
002608
002610
002619
002626
002659
002675
002697
002707
002715
002735
002736
002737
002768
002828
002846
002870
002891
002894
002902
002903
002912
002927
002929
002933
002934
002937
002945
002946
002974
002994
003057
003068
003077
003079
003090
003091
003094
003119
003126
003131
003134
003136
003147
003149
003181
003188
003214
003221
003235
003236
003258
003263
003275
003284
003300
003307
003310
003311
003313
003315
003324
003337
003339
003370
003373
003375
003376
003388
003396
003403
003424
003438
003443
003450
003455
003459
003477
003495
003496
003500
003502
003504
003507
003509
003514
003520
003539
003540
003549
003560
003579
003592
003595
003599
003603
003624
003627
003630
003647
003653
003655
003662
003676
003677
003689
003699
003714
003719
003728
003740
003742
003749
003752
003756
003758
003761
003780
003789
003804
003807
003811
003860
003862
003863
003868
003877
003907
003908
003922
003924
003928
003929
003936
003942
003943
003944
003947
003950
003972
003974
003976
003982
003987
004011
004018
004035
004044
004055
004063
004073
004082
004086
004101
004123
004126
004128
004131
004139
004153
004163
004165
004170
004177
004192
004199
004208
004220
004228
004251
004259
004260
004261
004298
004305
004306
004315
004316
004319
004323
004326
004331
004344
004358
004361
004367
004380
004393
004396
004452
004454
004461
004478
004493
004499
004500
004502
004505
004510
004534
004550
004551
004567
004569
004572
004581
004588
004592
004606
004629
004639
004644
004653
004664
004673
004685
004719
004733
004788
004789
004814
004826
004833
004836
004853
004864
004866
004875
004898
004902
004907
004909
004913
004918
004923
004926
004932
004936
004942
004949
004961
004965
004981
004989
004990
005004
005010
005022
005045
005057
005065
005067
005081
005103
005122
005146
005154
005160
005161
005212
005226
005230
005234
005263
005281
005294
005318
005334
005339
005350
005355
005364
005370
005399
005402
005406
005410
005415
005422
005423
005426
005428
005430
005431
005432
005440
005442
005455
005465
005481
005483
005486
005500
005516
005557
005598
005609
005613
005626
005629
005637
005639
005642
005657
005668
005701
005706
005716
005746
005752
005759
005770
005783
005805
005826
005867
005876
005882
005915
005917
005921
005923
005931
005938
005945
005947
005963
005974
005977
005982
005995
006006
006007
006011
006020
006031
006033
006035
006059
006061
006076
006091
006121
006136
006154
006177
006182
006191
100017
103628
106515
100471
104171
107660
100512
104367
109383
106020
109719
105006
106091
105728
103450
108604
109699
108027
103719
108010
101235
101317
102461
106459
104207
102259
104528
104836
109517
103174
107577
103412
107787
108086
108831
104810
101020
104808
101232
109521
109409
100549
109165
100355
103718
108759
109700
104197
106070
107754
107926
108702
104343
105869
101471
103093
103536
106611
105425
108400
109736
108407
107740
101386
100428
107715
105058
109618
103924
106017
102668
106928
108828
100463
102759
106387
104953
100870
101169
103274
102453
106071
104670
104213
106851
102167
109808
105788
103475
102785
109123
105280
108889
109088
103340
102928
107667
102001
109762
103548
103283
103069
109453
100744
103226
104875
105501
107687
107097
109516
107955
109183
102845
107386
109214
101613
109920
109431
108688
101868
105536
104057
103350
104523
107718
107258
100183
103230
109518
104138
106431
108014
101199
104428
105416
104119
108903
101229
108819
106195
103013
100857
105661
104921
106343
100865
101593
108695
107088
102886
104592
107413
104511
105741
102096
106380
103390
106128
109815
104774
106684
104180
101099
109912
101639
105226
101975
103053
108587
100358
107701
101643
106237
105521
105724
108824
105099
104406
103971
103952
109421
100341
103991
104351
103115
103164
102246
105519
100273
104206
105057
108746
104822
103713
108963
103041
104109
105225
108444
103988
103840
106034
108790
102073
103803
101053
107278
106234
102437
105763
106854
102971
100016
106041
102202
100494
106273
108971
110019
103220
100158
108859
101666
108812
105877
100221
105032
106483
107993
109127
101159
104058
106349
103463
105858
103620
102991
108024
107457
105136
107426
104105
107497
109717
104413
109541
107521
107989
101457
103169
107627
108094
101121
104288
101472
105449
107666
100014
107910
101356
103791
103081
103488
108480
101786
101737
103521
105624
108867
102662
105906
100816
105025
109927
105713
100507
105172
104063
109441
100260
109423
106232
102972
108712
108502
109332
106296
100329
102756
101963
102760
102875
104202
107314
101779
107601
102895
101509
102823
100547
103410
108475
102417
108324
108813
101388
102413
109845
103325
105141
100842
107802
107818
101951
105091
106355
103213
100962
106318
106831
109053
100149
104949
107316
105384
103773
109211
109877
102566
104426
108033
107829
103347
106197
103100
101820
105088
100147
108168
106269
100710
108880
100671
101096
107962
105831
106361
109425
106609
106437
101971
100246
103017
104951
109229
104792
104851
104386
109786
100647
100921
106792
105189
105494
106198
101875
103313
106441
104508
109628
102269
105905
101976
104149
101676
109403
109594
100600
104305
109656
106291
100201
109171
107970
104231
102270
107462
101302
106154
101220
109987
105293
102288
106773
102156
109811
104098
107780
101496
105026
104853
102401
101253
108250
102868
101692
102618
107678
107156
102215
103742
100431
104503
103629
105255
103421
104232
106452
102644
104769
101653
106064
108543
105121
109111
106084
107343
107232
100888
109791
109195
104598
107876
107236
104022
105873
100781
106043
102050
102787
104210
104499
109350
107167
107279
100326
103411
108358
108511
104509
108465
105302
109868
105535
109271
102087
102600
107477
106424
109278
101847
108275
107354
104557
105322
109194
108918
104400
109191
104395
109651
109872
105476
104669
105891
108268
108397
105292
106980
101617
101452
101516
102241
106884
100766
103334
106079
105545
105442
101225
103693
108723
108991
100841
106430
107145
109668
108135
108907
108075
101063
108645
107027
100569
106143
106461
106642
109582
104495
105959
105268
100838
104703
104416
100762
107713
105466
109419
101241
104802
100659
105171
104324
104718
106026
109303
103062
104115
109692
101112
103242
108317
100844
104510
105287
103544
104128
101329
102831
107567
104439
103141
102820
100071
106963
105168
100590
109629
102189
107885
100759
108554
107292
102576
101120
101540
102678
108928
102002
101568
108945
102690
105310
103317
103179
105307
107412
104683
101215
101179
107743
109292
101436
106365
107888
104726
108683
108325
103205
109734
104622
103206
104080
108983
104990
107974
102231
109745
103149
104905
105684
101047
107309
102818
106379
103927
101788
100513
106913
107494
102221
107581
101542
105758
108681
103710
101466
100635
108705
101743
105983
109033
100299
101885
103144
101090
105973
105628
103979
105964
105534
102727
102468
106475
106385
100468
100960
105829
104126
103810
104942
109329
101031
103781
109219
100961
109779
103359
102952
105505
104168
104049
103845
101741
107170
100001
106797
101855
106774
100878
107532
100657
107086
100573
105832
108443
108469
108388
100423
105506
104093
107465
109870
104600
105533
100450
102136
101531
103091
108225
108458
100126
105999
108571
104125
107130
101605
109514
106876
101592
103168
102598
105167
109404
106032
105810
107886
105835
105398
101462
107328
103222
109325
106713
108598
101206
109933
102896
100905
107896
107839
101609
102819
101851
108942
100626
103338
108383
105727
102672
108783
101596
106834
105651
106982
102830
106139
108930
108590
109136
107092
100784
107703
108839
109742
103185
104309
108477
105621
103526
102675
103949
100839
104955
104076
108749
109664
108784
100413
100298
107636
107180
102645
102378
106846
100631
109276
104323
101909
104370
102226
101572
105328
100160
109621
105603
101585
102089
103324
102104
101003
109426
104976
100272
104603
105031
106862
104821
107050
107753
109648
101115
104555
104667
109956
102367
107635
107165
103859
103428
109590
100591
106505
108439
103860
105375
103353
103617
102395
103801
109526
103123
107367
108770
103857
106508
101480
109213
102846
107719
109202
109489
105527
105745
100620
100098
107852
103073
101465
109905
103708
101899
108106
106744
103232
102042
102371
106371
108661
105294
101843
107902
109759
101342
106560
104839
108607
100132
101216
108365
107461
108970
106057
102912
108771
107169
109438
109663
104612
105480
105429
108572
109655
104074
101787
109785
100383
108409
103142
109245
102591
107677
100887
104045
102590
107733
102329
107895
106549
106856
102056
106672
101133
105632
106901
103809
103715
106777
100829
107969
104086
102632
108462
102593
101373
107183
107385
104275
101176
100497
101337
101901
108328
102718
105044
101419
109866
103963
101068
101382
105069
108827
105627
102973
108331
102614
102487
102320
105162
108406
103573
107335
103749
102217
104133
109928
106394
101947
108108
105473
109921
104272
100567
102741
105391
101141
105161
102701
108621
109908
100767
101854
101155
106707
105154
104382
100977
105147
107690
104724
108532
103768
105488
106990
108901
100113
101661
105021
108800
104654
104090
103030
104803
101384
100640
109967
106389
107291
105244
100335
100023
104488
107298
108765
106939
101828
107889
109067
104294
108314
109394
102933
105720
105048
102963
103885
108931
101767
108428
106908
102592
100729
108794
103804
102904
100153
100386
108585
106444
100038
108582
106065
106307
103011
100145
105217
107337
109387
102795
105249
101819
108815
107256
108895
105114
102581
104438
107029
100836
105793
109595
110029
105266
102224
109610
109895
109536
108740
101916
109683
102455
103420
101825
100198
105112
102474
102100
103480
102907
103055
106889
109437
109765
107827
106266
101092
100948
109119
103255
101088
101439
106997
107996
101242
108394
101188
107464
107475
101365
100100
103912
100339
101190
100139
106484
107422
110001
107867
102303
107979
100919
106606
100756
104731
109182
105772
106474
106828
103941
109275
105451
108426
102535
108259
104114
108292
109114
107131
100095
105712
109513
109469
108311
100604
103593
100787
107548
103228
103826
109392
101980
105022
109045
106800
105576
107670
101445
109186
106714
100419
101050
106771
108138
106912
102511
105812
107016
100743
105279
107363
109947
106978
109375
104688
108829
102510
102299
102783
104610
107945
101974
106285
100484
106907
109349
108110
109313
103995
106779
101700
103509
104443
104060
102490
105578
106789
100333
103780
101704
103945
102150
109157
108892
108162
106272
108897
103657
104055
100678
100051
108265
105885
105345
100118
103188
108730
104204
103958
104944
105003
102870
105939
104685
103850
100026
109126
106352
105242
110003
105923
107587
105893
100771
106358
109988
106671
100594
109450
104553
105522
109150
109465
109879
107957
107937
100410
106449
108244
104338
105898
105995
101589
100614
102631
101036
104046
105612
108408
108943
102738
102247
106121
109789
104925
101109
104991
108535
108351
102092
100746
103501
100498
101563
109853
100508
105389
105149
103961
109411
105730
107716
103281
100811
105532
102403
106451
108028
107934
108562
102032
101611
108100
102891
107560
101567
107371
100655
106955
103356
109370
100735
105495
106246
108899
109215
103659
104290
101522
109180
101037
103622
100045
104653
101625
108415
101570
107341
103231
107212
101655
105991
105920
105470
107722
109128
103955
107524
105996
107245
106644
101642
100459
100169
105818
108692
100352
101910
108119
100891
102663
102439
102568
107172
105380
109197
107883
108998
101328
109428
101290
100291
109883
100650
105119
107772
100127
103105
105591
101350
109259
109749
103993
105997
104636
106719
101243
100265
100817
108654
101078
108399
106974
100553
106988
103530
105366
103094
100382
107135
101620
105747
103464
100990
106137
103042
109913
102851
109344
104436
109422
106637
103529
109980
109222
100976
101686
101476
101442
107550
101032
103565
102278
108659
104129
104804
107692
107822
107334
104538
103302
109593
104536
104153
108254
106827
101808
104582
104820
101233
101782
101815
108762
107517
107611
105061
102383
106994
103176
108958
107425
106067
101075
107906
106383
105689
102506
109124
101797
105401
102687
102196
105497
108121
109173
109094
102151
100928
108745
107160
106582
105324
103870
106881
100236
107482
107884
104277
101299
103384
105038
103471
106125
104235
104542
107941
101428
107364
107947
109768
106916
107640
109460
103162
106382
104460
102686
105308
101841
107100
106222
102435
103455
103365
110005
105383
101781
103076
100421
101895
109542
101510
109756
104566
106080
100219
105908
106418
109844
108643
102011
102024
104396
105925
104966
103604
101475
105436
101420
101799
109653
100285
106213
102211
104674
104139
103759
103673
107792
105671
106248
107676
105188
102942
104535
106820
106718
104910
104693
100396
100731
109959
100693
103651
107073
109475
109766
104904
108285
108850
107015
107564
108996
102730
104985
104918
105365
101430
106142
100384
108985
100864
101711
101083
102596
104892
108055
104697
101000
104243
105921
100760
108112
106488
102801
104642
101316
108045
107800
102408
107812
106650
104490
106108
106664
105269
104147
107580
100283
102438
104502
103287
108754
108391
103473
106366
101601
104970
103161
100646
108804
103578
100644
107789
105420
108387
103649
107009
100048
105828
100847
107938
103524
104733
104933
104088
107900
105924
102977
106849
104894
100029
100738
103818
106226
101381
105613
102237
106587
106847
100308
107628
104393
105254
103344
105378
108377
105193
102501
108245
109810
108474
102337
100227
100895
101859
109854
101127
107576
100998
100703
105036
108300
100714
100988
109598
109205
102774
102292
103387
103031
104650
101880
108310
107905
108862
109992
102519
106073
106904
103839
106022
101508
100436
104647
107622
101158
101231
106148
103943
103383
102821
100393
102805
101860
100202
106919
105209
107161
107927
104764
101363
103297
104788
106024
108917
107570
105825
105508
104368
102233
102003
106298
104421
107975
102268
100199
102121
107541
110026
106215
109105
103262
109968
100179
102030
105981
105311
106286
107613
107046
106677
100798
105838
102673
108644
107704
103258
107305
108123
106185
109269
104027
104623
104722
101391
104867
100827
104514
102827
104222
101876
108152
103668
109976
103800
108301
100970
106966
104195
103051
109176
106631
101371
108563
101016
102315
100773
105935
101768
100518
101798
109406
100810
105926
102424
108776
103794
102158
100899
106581
108287
109712
106592
102415
103650
100777
103078
108224
108861
102182
104151
103970
102275
106903
101874
101186
101389
108193
101813
107330
100196
109724
100435
106210
106060
103047
102975
107522
109356
109365
101671
104634
109009
108442
106935
106922
103610
103944
101511
106240
104882
100407
104936
108988
105441
109851
100344
109472
104226
104962
103457
108459
108214
102728
100180
107862
103965
109147
101502
103990
100881
107122
102981
108797
108099
101569
102052
100558
100267
101558
102992
100849
104876
109287
105637
105790
105094
101343
105262
106037
103734
101960
106096
105316
109315
105301
102503
107832
105054
101670
106769
109891
100276
103964
104033
105236
105511
107264
101967
109161
104816
106605
103856
103701
107891
100539
103482
101093
102064
105579
104759
102360
106433
105288
101988
101212
103989
102420
102240
104025
107929
104434
101579
107181
102521
109957
101754
103696
104663
109323
105176
101252
109011
105313
102046
105148
103676
104571
100598
102045
105538
109446
101751
106468
107338
102622
107923
107490
107624
104424
104041
104614
107421
108414
102650
104263
101061
104131
106284
102074
100068
104465
102720
110043
103451
101756
100105
105582
105140
104192
101883
103727
100837
109299
106537
100181
109251
102227
102022
100168
108416
105821
100422
104879
107846
103642
108920
107155
104577
102983
107418
107034
108751
105631
100080
103706
101760
106735
108372
104753
103190
107916
109154
108485
102798
101124
101007
104645
102127
105798
104075
103050
108874
101708
106548
109413
101527
109274
100049
107917
101534
100571
108651
104330
100994
102545
104587
109892
100167
106242
102526
104844
101718
102138
100707
102695
103862
100234
106013
100637
108642
108011
105814
105805
109631
103655
105556
107174
107021
109860
104572
102793
110021
103824
101858
106244
109625
102630
104354
107626
107308
106172
103107
106069
102692
104082
107930
106686
104019
108556
107207
104583
102508
105448
101028
103460
105602
102931
108777
104998
106958
108041
103272
103487
102436
107478
104659
107768
109283
109924
108668
102910
100398
108989
106514
104916
101532
102879
107227
109256
108613
109798
109601
101660
107752
106959
103177
104501
107403
103075
109254
102791
109110
109667
107228
100596
102375
108606
106702
104519
102667
108992
105544
108198
103739
105186
109109
104313
108844
102575
102256
109075
109397
100585
100206
105610
108503
105978
107064
103744
106920
100593
102123
100859
107138
109326
106796
110034
109169
104630
109679
107813
100380
106915
104355
106369
100232
105397
107352
109083
107603
106775
103834
105785
103929
102950
106896
100473
104081
106599
101520
105952
100733
107654
102832
103393
101218
101931
103128
106271
106554
105363
106356
108369
103534
109433
108468
100351
100719
100532
101597
106074
103746
108102
102272
100015
105813
101681
109880
101183
107075
106815
100786
100815
101862
110040
105200
107104
107920
108009
103233
103335
109839
102775
106816
100434
103881
100550
110030
104941
107030
101081
100159
100411
102187
100408
101716
107939
102520
101156
106178
102021
106971
104903
108977
107280
102993
109652
106995
105422
101922
101695
105046
106133
107474
104890
106163
100414
100070
105676
107336
105052
106018
103063
109707
103539
100779
104783
108272
107664
101720
100873
110006
101888
102699
106386
101849
100230
107811
103543
105206
105886
107244
102620
104314
100225
104732
100050
109331
101672
101012
104655
104020
103224
106761
103111
102239
107224
106937
104176
105861
101747
108509
100871
100263
106007
109531
102962
108605
107056
109862
105872
100146
105068
106146
108698
109032
109036
104433
107931
106602
103491
108672
106405
104720
101008
100488
108194
104832
101454
107152
100207
101255
104408
103178
102800
105079
100782
110033
100790
107526
102262
109550
109175
105540
105163
105164
103537
110038
105034
107857
103494
109233
110024
108888
103156
106088
107239
103984
105587
102932
100076
108319
100403
109398
104898
108348
100592
104982
108634
103307
107952
101715
104679
101634
106918
100623
108993
109981
107285
108923
104823
102496
104211
103278
103772
104556
101811
109361
101319
109544
109101
101270
101598
105787
105199
103416
108003
101911
100430
100754
100266
102941
103774
101573
105333
108178
106117
107771
108657
106767
104287
101640
102427
109320
100940
106538
104696
108270
106402
106638
106867
105650
100918
101839
106342
103869
102512
103167
105408
100551
106363
104924
103114
106639
102047
106434
103465
108195
105289
105823
105779
101464
106660
107204
101616
109553
101146
107980
105583
108280
109530
107642
105622
109378
102680
103999
109770
106659
101869
106975
104068
101606
101304
104175
104909
102979
102007
102079
103171
106345
108504
105824
109042
109316
101110
101565
101545
108788
102390
104880
100578
100343
106754
102404
102882
107435
109726
101987
106320
100328
109615
103905
101650
103828
107555
108261
102177
108690
101040
100289
104388
106282
107661
108908
108961
102577
102968
106892
107612
102729
104675
100310
105043
100955
100336
107842
100886
107460
107630
104224
104291
107681
107325
100302
100765
102969
108456
108548
104775
100262
101441
106255
108724
107182
105672
103981
108378
103540
100763
104271
107750
106601
101793
100636
104616
101906
101437
100307
104259
107808
106883
106621
103143
103665
107631
103154
105648
104560
104040
104315
103893
103290
100024
107445
109220
109026
109948
102539
107090
109551
108608
109416
101550
107747
103812
105643
107609
108368
107915
108128
101515
105392
103837
101748
106563
100103
104729
103259
101429
104145
104485
107306
102271
109758
105638
109856
110010
106673
101902
107911
100191
108403
101077
102918
100005
109735
103485
106324
109807
106294
108182
103254
105837
105126
107327
107778
109852
100971
101152
106438
103887
103422
104682
108520
103040
107863
100295
107087
106822
109901
102873
109744
107516
101138
107819
109522
101583
100964
100557
104341
109286
102742
104525
103567
100476
101831
104640
100536
106666
106730
108599
101085
108212
103310
107907
101126
100013
107657
102462
106457
103070
106219
107470
107028
101657
102425
104686
102874
105707
108255
105778
101005
108304
108885
103418
102524
103922
108915
107216
109506
108240
100894
106469
103136
107843
109740
104376
108761
103553
107405
101006
100527
106083
100092
109055
103373
104605
101338
105228
100119
106658
101064
104205
107378
103799
106591
107756
109357
101160
102203
109172
108356
100736
106482
108539
101541
105444
108050
108373
108222
108926
102754
107093
108743
103435
106509
102990
107384
101893
101277
107543
104585
103535
106000
107083
104619
102894
105323
102099
104047
104767
109086
106895
106520
107950
100317
103124
100059
100572
100524
108466
108393
105687
102116
109188
104930
100824
103586
109065
101312
104980
105962
103354
105960
106561
100908
104937
105887
107096
102794
103842
109930
103935
101314
103189
103675
100996
108052
104039
106731
105459
102625
101624
105386
106056
100418
103314
102341
108080
103802
109022
107531
105529
105626
101556
106094
100397
107191
102084
101745
104407
107820
105774
103377
108594
103022
108376
101348
104161
100447
106648
107068
104817
107803
109478
107455
100882
106078
108109
109162
100037
102148
104136
100984
108367
105768
100862
105664
109787
109494
107583
109322
106791
100669
100745
100058
108589
106491
103982
105139
105927
104276
108647
108662
109063
103211
102276
103956
109597
108171
102578
109082
104274
107572
108575
109029
105934
102638
107468
106706
107339
102372
101879
107658
109076
104366
100538
102157
102407
108068
100376
106687
104228
103216
100306
101150
101740
105634
100350
101915
104389
102839
108810
101523
102498
103688
109875
107659
108125
100788
109444
106416
103131
102634
105750
102850
108693
104601
106331
107011
100171
108818
107124
109817
103986
101469
101140
106897
105770
103061
104534
100695
106216
107136
109297
107230
104328
102480
107710
107784
102766
108933
107684
104901
104843
105586
105078
107498
104829
102373
105703
103408
106850
100067
108734
107724
103702
109439
107960
107099
108854
108525
107164
105670
103532
102833
106888
105482
103382
107554
101870
105975
108703
101712
107487
107297
105980
101928
107365
109324
109015
104347
100935
101336
106654
103577
106589
108441
103279
101458
107038
108170
105250
106929
108061
107366
106894
109077
109520
105341
103288
106279
105913
103195
106819
100218
109915
104056
103098
106204
101877
106517
106156
108853
105180
106316
103413
104629
101615
101993
102494
105423
105918
105257
104757
109144
109634
105424
109301
103936
103563
104494
102797
101998
104318
105259
103468
102491
101451
103249
107260
100216
103747
104286
105815
108253
106911
101800
109979
101582
104866
102223
100462
103271
105274
100791
102248
101607
104144
109675
102350
106790
106456
103033
106165
101907
103204
109783
103155
109081
102421
106015
104409
106264
109402
102208
101214
100755
108366
105303
102422
102103
106046
104183
101561
106576
109660
106749
104268
106131
100491
109447
103618
102652
109242
108834
108148
101339
104504
107874
109833
109545
102713
106077
106208
108141
101526
104741
105932
103973
104458
108438
109019
105839
102385
103997
101500
101230
102218
108519
109974
109006
103796
108975
100942
100632
100898
102308
100487
101982
101463
103264
107557
103462
103158
108669
101649
104270
108840
105008
102302
102996
104300
103397
100753
102105
106130
101571
108315
106811
106023
109459
108910
101762
105227
106466
100956
100803
102471
103315
103833
105840
109319
100134
106522
104419
105708
101497
106203
109391
103392
108579
105896
104687
110007
107588
100400
107141
100053
101857
101379
103439
100715
104648
107424
106261
104372
109523
108018
106252
105084
108492
106770
109574
102544
104461
104742
102700
101438
107869
103129
100290
107499
109141
109902
102430
106494
101645
100584
105663
100069
108547
102619
101325
101731
107834
102441
109865
105950
108424
108997
103221
105984
107290
100242
102696
109246
108628
106858
105490
100785
106593
101946
101300
108445
100530
104551
106728
109048
103582
107520
102505
104954
102282
104284
106300
109236
109975
101086
102810
104289
100680
103507
105231
102815
100381
100716
107320
107317
109548
100750
105381
106400
106393
106144
100345
100950
102887
108559
107866
104877
105567
105182
106105
105037
104096
109986
104631
103280
107760
109046
108454
106001
109918
104454
105854
105653
104586
107195
105734
104781
105484
106287
106409
102717
102489
105491
107287
100224
107940
103616
108059
105458
108389
108136
100868
103678
104423
103355
103443
101072
101713
108246
106751
103200
102656
107880
108848
101167
109910
103705
104526
108313
100085
101378
108924
104709
108981
104446
109284
103600
104590
106960
102716
106543
102361
108584
105124
105733
107307
100670
103603
107049
104200
101618
102811
108953
101113
109069
107633
104179
106688
109666
100937
100683
104932
104373
101621
107187
101856
102930
108755
109318
103385
105192
102642
100634
101758
100472
109591
103438
103285
108434
105235
105361
109393
100161
101757
101937
100925
103527
107214
101042
102531
101840
104588
109681
108173
103670
101327
109562
109189
107623
107838
109587
105485
105717
104199
100133
108886
101073
103170
101145
102938
103316
109467
106932
101258
106221
104727
109897
101866
101210
108925
106235
107139
100722
107830
104845
102533
101266
108063
103219
101780
107984
105581
110002
103077
105972
101046
105654
103263
103888
102324
100099
103120
105963
106417
105005
108742
101717
103954
100663
101504
101056
105822
107277
101418
101755
108955
100934
108936
101015
110016
102571
109226
102901
109384
106132
109343
105467
107671
107529
105013
108130
100387
105153
100983
109620
104307
109358
106171
105103
109965
107965
106529
103442
101552
104496
109985
109061
101139
109247
104065
108974
107946
105863
102097
106936
105117
100666
104900
108700
105568
107321
108072
100968
106996
108464
100293
102255
102523
105102
109993
101939
101723
109571
108715
109949
101352
109942
100429
107014
109823
102806
103419
104262
102892
106401
105592
108721
107269
108873
105070
106191
100425
106682
102284
101178
106181
108431
101804
101802
103083
100954
102913
101341
106426
109596
105512
104135
101185
106341
108013
108937
106691
106489
104497
106720
107082
106604
101538
105572
107085
105483
109373
107779
107831
101772
102162
103570
107428
108382
103538
107318
103472
102500
106885
102549
107013
103790
100609
109888
109835
104873
101848
106432
107770
106987
107453
106532
108164
107536
106050
106729
109285
108078
104891
108146
102595
106372
108622
104219
107036
105739
104302
109836
106465
109298
105101
104254
108722
108305
101824
104719
100367
105297
101101
105132
104856
104282
101223
103643
107115
101746
106161
101260
108795
106662
101724
101284
109493
108344
108564
110000
107744
103558
104299
108932
101332
104437
107495
104934
103175
109351
107304
100826
105615
105562
105658
106290
102402
108976
104825
107986
106495
109731
104269
106832
104881
103684
100556
103090
104391
102956
102325
105709
100178
106880
106721
103218
103409
109476
101920
100490
106545
105353
107942
103289
101691
102773
104053
107299
101614
104127
103871
103559
103783
100969
109575
109931
107593
100237
101123
100597
103097
102924
100720
103889
107078
101918
100009
108131
102102
109405
103763
107644
101398
104013
103049
102980
106095
104034
108735
109911
106124
108811
106259
109185
108896
101353
101774
108510
104444
103495
103201
102180
102735
108126
102069
101908
104412
103470
107737
106756
109056
101100
106082
104589
107799
102877
101390
109963
108185
107717
103252
102714
100495
101554
107058
102698
103895
107369
103399
106003
100660
105251
107908
102287
104092
103762
108263
106635
109730
103820
103065
104928
109293
100477
109687
110035
107552
100582
109131
106086
109291
106722
104950
103698
104066
101330
106859
107781
100520
106008
103152
105321
100362
108184
106526
104009
105045
108767
108680
100208
105278
109241
101665
103694
104947
107476
106123
104780
102548
105513
107959
101387
101295
103194
100427
102481
108860
107954
104448
107785
102129
107634
102722
100022
100645
105617
106873
103876
106970
101658
105723
107854
109204
108820
109754
104987
109481
108180
106399
109232
101460
107189
101492
105150
103697
108410
104471
105907
100274
108913
102126
104379
104576
101217
109288
107402
107313
101197
102078
108084
102562
106977
101320
102697
109060
105014
106597
102958
105191
105263
104992
106921
101108
104831
109148
108321
104267
101321
107063
106486
106946
106054
106384
103514
106075
105526
107118
108602
107368
100673
107909
108129
101473
100613
102040
104615
104489
105657
109612
105777
108243
102623
106467
105804
106910
108427
106229
108036
108115
107691
107452
109565
106329
103320
105740
109600
101764
100757
104569
103052
106005
103636
106502
101318
105642
106806
107406
105465
107558
100517
107922
106027
109614
102113
105349
103381
106051
104864
106207
105662
100677
104411
110028
103571
108521
101763
100639
108701
108753
102602
108277
103987
105801
109863
106951
104191
100185
101701
105179
102744
106799
108948
108639
110025
100170
107211
108823
108381
105135
109642
103755
105557
107851
103197
104037
102788
100259
100775
101147
109107
109000
104240
104986
103823
103602
100515
107651
107199
108684
100270
109091
106555
101259
102906
103032
104627
103550
109983
103023
106322
102450
109867
108340
108501
101361
100892
104874
100652
101635
109579
100157
109412
106855
104656
107948
106047
109093
108656
107793
101198
108326
104079
107823
109480
100851
103182
109635
105795
103664
103018
109581
105097
109524
105871
100018
105240
104113
104768
106536
107059
105826
108978
100284
109368
101444
101426
102966
102561
100875
109570
107600
109638
106610
105092
101137
103284
106598
104786
105629
101537
107006
109005
110004
107566
109858
105247
106340
104050
101829
105546
101360
102842
107610
109486
103484
101135
106378
107573
101996
100907
100316
108733
106110
108849
105326
102311
106036
101914
109812
102616
110042
100850
103248
107479
106726
102711
100086
105456
100681
109929
105291
104885
100903
105221
104005
105063
104562
103644
102828
101493
101375
108902
104500
103631
105761
100470
102212
108395
101549
106004
102943
108142
100309
106865
102884
105910
102312
103183
106093
101095
102878
100044
101966
105376
109216
107113
107110
101775
109290
104824
106196
101789
102095
102225
102029
103816
109566
101394
109087
103855
102125
106179
109859
103363
105415
109529
102486
102792
101770
104427
102483
108512
100860
101749
108500
100007
102920
107592
105029
107109
103330
101054
109725
105900
107518
101835
109080
105561
105011
103403
106780
106683
106138
109355
105751
102143
103918
100047
103199
106140
102020
105412
107809
107055
108792
106860
103557
104529
109723
104651
109463
100929
100034
107836
109044
103437
107176
107389
105487
100338
104920
102447
107893
103764
105050
106676
100751
104505
106826
107646
104564
105479
100011
103311
100923
106321
102252
102200
101517
105184
106964
101157
107303
103215
102059
103757
104516
100876
103148
108116
108093
102475
104189
103306
109873
108586
106512
104431
108736
104787
109002
108436
105783
108329
103391
100372
103058
107409
105845
109561
103516
106460
101191
100406
107972
102584
107057
103130
107725
105115
105016
105571
102260
107903
107094
103208
105462
100742
105806
108236
104148
107202
103591
103886
108051
101237
107801
109923
108058
108048
104755
105601
101769
106429
100357
107430
102351
108496
107500
100877
103690
109261
105698
103852
102469
109014
101308
105496
109564
108215
105222
106149
105844
105597
106630
105216
105499
107579
102399
105175
100010
101048
100475
109414
105875
108139
109500
104459
108143
103277
103020
105715
106954
105151
107693
103687
107936
108219
102733
104394
101678
109729
106157
109491
107797
103685
102726
106973
101626
100461
102335
105224
101380
108612
109273
103448
100813
104761
107133
107322
105367
100165
109936
108952
104895
104137
107511
107037
103882
103712
105660
102294
100533
100301
100661
102615
106458
108851
109732
101753
101171
108846
102799
102567
104187
100986
100748
107881
100542
108453
100036
107235
106870
108088
106377
109955
101004
104570
106283
103843
108217
106663
109305
108461
105682
106289
100087
103192
108127
107311
101833
104468
109333
102295
104978
108833
102173
107871
108697
103503
106817
106334
106370
110027
109907
104734
109616
102338
100506
104735
107048
104371
108842
100176
106882
109137
106584
109646
101264
107248
102964
107456
108335
105010
106205
100066
103217
103364
105859
105100
102257
109706
108385
103186
107442
106556
103398
108342
100117
103814
107591
107190
106012
108448
102908
101498
109462
103304
104842
101322
108166
108111
101034
107648
109772
101392
102927
101557
100250
105019
109116
105558
105868
107079
101395
101244
109608
101783
103014
107912
100641
107420
101945
109103
108412
104404
106917
107446
106617
101891
101164
106312
106649
102786
107515
102560
107134
109946
106395
104691
104170
106562
104827
102459
108422
102939
102961
107712
103992
103054
109781
105855
101425
107864
108411
101924
105113
103027
102997
109673
105736
106011
102192
107158
101107
102763
102161
109751
108569
100629
101486
102035
101019
100991
102388
102829
109498
109788
102381
103597
104241
103877
109051
107147
105846
103528
106281
107018
107045
104838
101544
101193
106500
101057
107655
101410
106293
105419
108568
100926
104766
108652
105134
107870
107735
107650
109954
110015
101285
103139
105938
106120
107379
103497
107806
106230
106090
103612
107143
108349
102464
102706
104725
109035
101628
107226
105337
101684
102948
104410
105974
105541
104543
100054
107242
105681
108760
105090
101575
103866
106006
101094
107377
108384
109827
103691
101297
102808
101884
109782
106081
102298
105330
106793
106309
102451
101903
109994
109442
102431
102107
108747
105234
109509
105580
100516
102122
106169
105655
103092
101414
102108
100730
102289
105076
105277
108104
101533
105716
100122
103787
104061
109558
100455
108007
109279
101280
101369
100075
107332
108632
104150
102172
101750
107977
108641
105158
102178
109369
100514
106473
104279
101528
105237
101822
108741
103594
100368
101456
100424
107375
108209
106950
103637
104120
105754
105695
107758
109887
107483
109386
105507
101236
107639
104331
106652
107340
105198
108919
105146
103048
103498
108201
103786
105705
109951
103113
105272
102854
109878
104922
102485
107061
109689
100691
102599
106701
100042
108517
103897
101546
100519
108155
106570
105004
101481
105993
106998
100772
100300
101648
100056
105936
107956
106680
105492
107963
107153
104164
102396
102497
108679
106326
106709
103704
104062
101291
101168
103832
100235
102689
103909
102331
105679
106068
107107
109096
105434
104491
106614
101409
108230
107481
107527
106436
102057
104814
109272
106914
103406
106750
109649
109382
109855
105792
101275
105238
109209
109966
101983
109102
100993
106861
100252
105809
105551
102179
100581
108398
102719
104969
105156
109847
107544
109360
100354
102919
103323
105570
101161
102376
109166
100184
104492
109826
109064
108252
104549
102134
102624
101610
103753
106948
108312
103165
103003
101069
109727
106634
100654
103967
100212
101098
100783
102749
104449
109374
108838
100975
106186
101923
105943
109650
103907
108610
104637
102553
107319
100932
108189
107574
107584
102751
106833
106256
103292
105406
101102
100255
104606
101594
109813
107023
105929
105953
108425
107408
104715
104123
103223
103815
108962
105212
101484
104689
109139
109289
104865
108038
106965
100833
105108
107062
106412
100902
104255
103082
107720
109511
104111
101435
100855
107091
105109
102604
107315
103332
102342
104320
102066
106674
104785
109515
104597
108423
106551
108451
104188
104390
101153
104772
100840
104958
109263
102648
104889
102068
105985
100807
101890
109507
102429
108133
105585
108299
104740
104649
103775
105062
106028
108570
100480
100804
100952
102586
109112
109573
107786
104809
107653
108157
101114
108074
108972
100203
102019
109454
102115
109193
102316
102433
107472
100739
107209
109982
105098
108056
104296
106310
102572
109721
109796
107370
105169
107847
104278
109805
101082
101630
101632
102502
108354
103305
101677
101905
102028
102589
107106
106931
101887
102041
105183
105075
107961
105074
104607
104474
104581
101674
102266
105131
105299
108346
100939
103116
103863
101011
103777
109253
103080
104834
102228
102682
101992
107411
107665
106760
109885
102384
106507
103716
101433
104152
105742
103623
101066
101263
108327
106925
102332
104043
107824
106699
109198
104280
108090
103015
104319
106019
105352
100137
103246
102653
104357
103720
107585
108247
105404
102864
107991
107619
109034
107459
104429
100770
105503
105033
109659
105958
106302
106835
101143
100454
102643
101271
107295
102478
100973
104841
100108
104196
102340
106924
109543
106388
107981
102684
105830
100774
106962
102394
106464
103555
104099
107968
106607
105445
103214
103985
100451
109688
103590
106872
103132
106336
104001
101776
106753
107987
104012
105096
103106
100360
101344
102804
104919
106711
106550
101154
109984
108581
104214
104077
107990
101283
103934
109456
101305
108341
109504
108379
102693
108921
109490
104977
103511
101234
101129
109764
105764
109168
104447
106511
102569
109532
109418
105138
105319
104381
105421
107988
102543
105967
103969
105426
104493
106427
107637
108782
108591
108576
109512
105901
102370
109496
100138
108678
107807
107447
107151
109537
107707
105559
105281
109018
106567
102152
102844
102264
106905
103260
100389
106694
106748
104782
105440
106359
103348
108533
105160
101362
101491
100021
103776
103930
100154
109302
108179
106092
109622
101705
107436
101926
109674
106848
106315
106568
108868
100173
108938
109434
104194
109203
105430
109196
101272
101612
108951
105757
104938
108226
104624
100211
105350
109884
105931
104848
109909
109010
106258
103466
109054
107708
107157
103371
103609
104242
101403
109085
102574
102557
105744
103374
104463
107675
110011
103731
106239
108506
105388
102387
103474
105911
109647
101897
101432
107432
106485
100251
105700
106104
109871
109737
107382
102881
108188
107913
109304
109334
102550
102665
105641
108213
106866
109013
106319
104445
104771
107523
102916
109503
107983
103725
100682
105678
105548
102347
105827
102987
107729
101539
105498
108089
109677
107393
108821
108537
105726
108203
104186
105865
107444
101286
101501
100125
102936
106623
108814
107935
101148
109389
107395
105553
109485
104103
105808
103932
103001
106727
100353
109449
100544
105691
107791
108786
104011
108118
109790
106651
106166
102883
106209
109007
106814
107197
100768
102091
103707
103771
105170
105474
103431
107614
100077
100128
107748
108145
108869
108037
109645
105948
100821
106940
101794
102174
108718
108929
106523
104681
107528
109482
102816
105107
101142
100545
105220
102772
108241
109613
103868
108595
103923
108966
107345
104358
102807
106574
107598
102608
108578
104547
108316
109417
104927
108471
100633
108601
104479
104352
102862
104533
109842
106698
106708
102060
105649
109557
103000
104599
103172
103360
104258
101792
108557
104617
107805
109715
109978
100287
108332
101070
102525
109023
104750
102529
103560
105639
101313
108689
108258
107407
102691
109686
105912
106113
104552
101177
101898
107617
107060
103229
104561
105104
109228
105894
105914
107042
107777
104415
103891
109722
100141
105802
102362
106241
103095
106174
107689
102752
105609
104778
105402
103234
108357
109695
100872
103101
100278
100063
107282
105086
106645
107175
106168
101933
107098
102456
105348
100240
101838
106406
107137
109549
104690
109025
101950
102214
109132
106190
109328
109362
104886
108073
102507
102517
106626
105285
109377
108132
100264
109583
104469
106923
108242
105223
109556
108758
101852
107005
101251
103502
110008
103677
109399
101591
105599
103752
104478
105543
103518
104035
107745
105065
107796
106579
107629
106403
102317
102732
105157
105588
106304
106127
102144
106101
105977
101952
108001
100608
103068
104507
101044
108914
106189
105208
106202
106540
106803
100315
104264
102016
101889
106477
106516
107488
107696
105085
108560
100504
101461
101949
101406
103619
109774
101714
104940
104676
102358
100555
108260
106943
101913
102843
100324
101837
107503
109474
102746
104826
103074
101659
104310
107727
109760
107736
104303
102281
100031
109170
108049
106231
104253
102154
108070
106510
100802
104517
108763
102414
104452
103779
108545
109268
108096
103662
109857
106392
105187
107342
103741
100758
104387
103044
104084
104455
106251
100101
105500
101930
101773
108629
102661
102343
108592
100391
105399
104527
105797
100974
101144
100610
100043
100694
105862
107507
107271
104165
106616
108169
102848
101097
108638
104369
104644
103508
100304
108190
107012
109234
106498
109335
108878
101279
102205
105789
108756
104926
103203
106723
103671
101488
104960
105181
105644
106837
100649
101060
102382
104430
107450
102279
103166
103729
110009
102305
101245
105087
108655
109156
103789
108004
104917
105286
102077
104861
107246
106600
103599
100151
105782
107261
101604
109767
109152
105674
104981
107031
108631
100008
108764
100091
101289
100412
105396
107323
108417
107288
104089
101173
103827
105364
106784
105489
103951
107714
108302
100920
106818
109341
100566
102978
104193
101595
109882
108616
109430
107356
106927
107372
108034
100390
105194
109149
100563
103352
101932
101790
103579
105937
106325
100889
104602
102803
101346
106984
109079
100917
100531
104611
108691
103008
107390
106339
102339
108744
103724
108032
108447
102570
104212
107200
108283
108780
109972
109771
100726
106055
105916
106524
107798
102610
106338
106002
105166
106902
104094
100325
106909
108176
104754
100318
104021
101421
102929
102657
101784
104134
109457
100727
103057
100311
107283
103121
107302
108435
101817
100402
102369
100769
101494
107398
106010
102146
107149
106211
109932
107346
107193
108574
106415
101467
101377
107782
103914
108726
104884
100292
107233
103476
102965
100985
105413
107816
107604
101973
104664
100818
108825
101331
100319
102528
104349
108174
108187
109130
110020
109665
102379
105379
105211
104530
105342
103207
105218
109546
109795
107249
104979
102446
109458
109890
105514
108872
108626
109828
102054
104051
102869
106857
103583
102290
107275
100913
105446
104860
109990
105856
104361
102117
107815
107882
100856
109395
106853
104665
105312
104857
108731
103683
100094
106852
105718
109264
100254
107943
109257
106715
100546
110017
102923
108497
105461
101506
100062
103556
103920
109961
103865
105766
109676
107434
104010
108785
108965
109874
107918
102681
106586
104420
104462
107344
100072
106733
108826
105394
103236
103489
101026
102872
106016
105668
105346
100288
104887
107856
104154
104028
103300
108421
106530
101942
100535
107685
104042
105243
105093
109115
103137
101106
107301
109262
108237
107458
106199
107649
108046
100256
105956
107575
109057
109364
102293
101227
108941
108375
103913
109619
104059
106745
105890
106419
101301
103402
109208
103336
101399
104003
107586
102232
104738
109502
103240
105949
101474
101816
102463
106679
100607
109539
101984
102515
103276
104378
103369
101518
103504
104353
105214
106787
103461
107734
108696
105796
102609
105051
104236
100277
106206
105195
105564
103767
102472
104297
100846
101022
106578
107210
105590
103795
106557
107897
101706
106443
101690
101584
107686
109678
103016
105816
104283
105418
109720
106603
109560
101664
102747
105122
100188
102762
109201
101821
109971
106705
103760
107773
107958
101024
107485
104221
101834
102813
108732
103394
104972
108440
102998
106764
105417
106738
100030
108364
102443
100583
103341
100142
100880
108980
104988
104872
107668
105427
106150
100028
107766
104281
104818
107933
108336
105338
102139
106223
106518
106087
105547
102911
102594
104385
106085
106875
109031
107312
100981
101986
109584
108478
105201
107596
103119
104466
105555
102038
101814
101187
108516
100953
100415
103025
104712
100083
105517
108538
108603
105334
106985
102277
106813
100275
109028
103975
100656
104256
108881
103112
105791
103430
101603
106035
109248
100375
106724
107294
104819
108686
102356
107347
101990
103666
108611
101408
102274
102582
103592
103004
103433
105765
107682
103996
110039
102947
102344
104177
104392
109027
109693
102086
100342
106877
106564
102988
109348
105041
100525
104671
101759
102605
100174
102023
100828
104952
107473
105120
102513
107358
107266
104999
104401
106763
104796
109308
101925
105878
109401
109662
106249
100570
103853
104384
106542
104184
103486
101307
102090
109605
102709
102353
103513
103898
103067
100668
107999
108308
102541
101644
107400
104541
103523
105876
107359
105520
102914
103946
109038
105992
102669
104336
106736
100327
105636
101832
109904
102967
100359
103754
110036
109773
106712
103256
107625
101296
109777
104871
103846
103737
105746
105405
105477
107817
104472
107168
103029
106030
104124
101683
107102
104512
107512
107095
101576
103024
108495
109122
102890
105502
101067
105173
106052
104770
100679
101293
106201
106039
102164
104673
106891
106159
101200
106830
107921
109174
107620
104332
109376
104948
105095
103009
105753
104760
100433
102527
105880
107374
103181
103925
105282
104699
105252
109400
109555
109831
105118
105233
104486
109711
102949
101052
101823
105347
101449
106667
102780
109224
105853
106622
104301
109039
105683
106669
101202
106886
107932
106690
100041
102234
100965
107595
106697
102542
101359
107486
104692
101103
108858
100020
103646
106263
106620
105432
107700
102440
108805
103874
109429
109448
109778
107401
100253
102536
108343
110014
105834
102034
109753
101669
100129
102000
104608
104477
105030
100867
100465
106809
100619
107417
100279
100502
108959
106333
107033
102209
106350
101927
109508
104014
105304
107949
104828
105614
100505
105968
101519
109800
100096
104257
102985
107505
104002
108787
100509
108039
107067
102530
104906
109624
102043
103784
108796
109001
103614
109117
103096
103362
104052
108649
104548
100684
101882
109135
104261
108550
108016
106274
108738
104695
104078
107035
100401
101574
100863
100809
107178
105969
104377
104321
105633
105759
107415
100492
108355
108218
100651
103940
108946
109043
106758
108623
102753
101667
106058
109003
104840
103566
103269
105241
104295
103286
103337
100148
106765
107218
100481
105105
100795
105369
104218
103580
107669
102893
108893
107997
108079
100074
100078
104591
105990
103257
102053
108650
108087
105688
104539
103957
100247
100933
107270
101961
107892
109958
105922
100107
109534
109861
108229
102995
102405
100453
109177
109840
104638
102629
101525
109059
104833
103458
106999
104974
100890
102348
103894
102015
109864
106874
106805
108386
106218
106265
106496
106625
101566
104383
105693
101209
104476
106898
107221
103825
101562
108484
102166
101276
107928
101446
108077
107553
104837
109606
107040
109089
105229
101578
100916
107519
100848
102476
107501
104374
107509
100469
105018
100124
101249
104997
103798
101374
104238
108177
100559
104849
106462
105082
105071
106829
103630
108181
103808
102088
104130
107194
107504
100675
108514
109535
106807
100589
108481
106762
102888
105202
107844
109479
108540
109680
109483
106841
103822
108531
104964
108262
108309
106184
103346
108709
102236
105123
100186
105165
103851
108271
100366
105884
103087
101732
100346
103099
105625
103917
100562
106527
107697
108687
108020
107561
103401
104117
107220
105940
102683
104102
106275
107223
109626
104403
105784
105640
109250
106747
101358
109657
108361
103212
106301
106220
108352
103452
109794
108015
108949
104132
102840
106802
108494
107914
108064
103021
102636
106944
101806
101587
101401
103296
108002
100653
108994
108291
103797
103766
103641
102865
100082
104573
103425
104101
101407
105883
105452
106407
108883
104334
107281
106768
109071
102245
103848
103436
106821
106314
107251
105387
103151
105258
105537
107439
100140
109886
101267
103345
106192
103493
106375
102784
105817
100910
108147
108624
102905
106506
101693
107186
105344
105882
106126
109120
107387
103750
103545
101863
104513
100404
108101
100197
101203
103342
104968
105001
100575
100438
104172
103125
100627
104346
100662
103043
108405
108223
103266
109347
103873
109495
106934
107904
108666
108768
104260
107826
104662
109217
105600
105659
108216
108708
100543
101529
100941
105807
103733
106552
103819
104414
101134
108266
103268
102710
109179
107508
102082
106476
101524
108042
101663
106737
102065
108065
104855
109321
101719
105892
102442
104908
103449
101989
109488
101929
102824
100858
105116
101256
107047
108264
104169
107262
105732
106306
100667
102426
107545
106804
102466
109041
109133
101652
100313
102564
101682
102518
101372
106115
103447
101309
106463
108986
101261
100073
102778
103835
106647
104749
105073
103173
101680
107293
106947
100978
100947
103838
108900
105196
104473
104963
104425
109525
101326
104996
102654
104333
104621
102145
107804
108134
104641
106025
105942
105373
100832
105355
100195
109084
107000
109230
105646
107043
107111
108472
108303
102708
105722
106414
103361
101994
106653
108807
108588
102017
102449
100967
108433
107732
105811
102540
106992
104073
105264
101826
104723
107763
109609
106778
103792
108781
103237
109661
104713
109178
109623
104249
102477
109755
106446
108276
102025
101727
107828
103621
100794
107247
104181
104335
108882
100980
101412
109538
106317
108984
108664
103037
108202
109710
104344
102197
108221
103515
104923
100510
103652
101771
103658
101417
109632
107020
108891
106594
103322
101803
107492
105077
106270
103301
100323
104965
101530
100081
105767
101043
102368
108627
105331
105256
104140
107272
108505
109903
108904
103007
108167
105673
100843
109367
108232
102014
100529
100577
109896
105464
102434
102195
103506
108529
105475
101948
100385
107645
101434
108615
102837
104717
104959
107237
100915
102364
107326
108000
107925
104635
103541
100019
106076
109607
101795
108205
109943
109227
105275
109466
105152
100702
105951
103596
106685
106217
109277
108704
107565
109452
100392
102899
100060
106618
100618
109602
103275
104230
109702
103661
102838
109104
105178
105976
106628
108401
105539
109850
100601
101809
108890
106353
106661
102428
100356
104563
108060
107125
101752
105955
101105
101483
108006
109040
106689
108029
108076
108172
106470
102081
105410
102488
107549
103931
103035
102547
105769
105850
102253
102646
108120
100796
109843
107841
102721
102847
101376
108508
104225
108432
102534
100238
103585
106089
109153
103299
107525
104773
104405
100972
103294
106838
101535
104360
104747
104246
101485
105327
105749
104628
110012
100373
105372
105574
104116
109748
106972
100989
103653
106539
106040
106330
101354
101564
106742
108806
107647
103911
105447
105377
102207
108420
106717
103980
102076
108526
103947
101647
102743
109977
100112
105843
103904
106147
108149
104162
105569
100261
107351
102265
108522
100222
109052
105902
108239
100090
104329
107286
101965
106487
102204
103864
105028
101089
104639
106595
100943
107451
102532
106250
104304
105987
106193
102366
100243
101696
103607
100446
103858
104365
107855
106155
103505
107215
108544
108620
101074
108290
100297
100713
102349
103831
104470
106981
109338
102346
105012
100144
102398
102070
106423
101014
101117
106588
101201
100296
103444
101778
108947
104701
104481
101029
109916
106869
101698
108856
102880
107296
102386
100938
105694
103028
101175
104765
104018
102250
109129
104467
100725
102230
101071
103525
104893
105607
106109
107982
107353
106933
108288
100233
100625
108752
109258
104311
107471
106619
104888
108871
104789
102363
108660
100854
103267
100554
100951
102655
101335
100330
105271
109780
101453
102326
101268
101416
103459
103110
105253
101208
107054
104248
102031
108158
103608
