000008
000026
000033
000046
000064
000070
000074
000117
000139
000143
000148
000160
000165
000171
000172
000188
000216
000220
000225
000227
000241
000246
000250
000261
000271
000276
000279
000280
000305
000309
000310
000315
000398
000400
000410
000415
000484
000505
000508
000528
000538
000539
000541
000549
000553
000556
000574
000632
000650
000660
000661
000663
000687
000730
000731
000754
000760
000784
000798
000799
000815
000818
000827
000829
000834
000853
000854
000864
000919
000935
000941
000952
000955
000957
000983
000989
001000
001004
001015
001024
001025
001030
001034
001099
001103
001110
001115
001128
001129
001131
001142
001152
001154
001173
001174
001177
001182
001190
001193
001199
001203
001206
001213
001220
001223
001238
001245
001246
001248
001267
001279
001281
001309
001317
001319
001326
001343
001355
001375
001381
001392
001395
001421
001423
001436
001443
001463
001484
001489
001495
001500
001506
001517
001530
001583
001586
001589
001591
001592
001595
001619
001632
001650
001663
001697
001706
001707
001710
001729
001731
001733
001746
001750
001751
001758
001766
001785
001798
001800
001805
001809
001814
001824
001836
001850
001853
001856
001870
001893
001896
001912
001918
001938
001948
001965
001967
001974
001976
001981
001999
002000
002011
002019
002022
002024
002030
002041
002057
002058
002072
002075
002081
002096
002107
002117
002152
002154
002161
002175
002178
002208
002212
002223
002225
002231
002255
002258
002293
002295
002299
002301
002323
002359
002361
002384
002389
002407
002408
002418
002424
002435
002437
002454
002456
002469
002476
002489
002492
002498
002500
002518
002519
002521
002523
002555
002559
002560
002568
002588
002602
002603
002608
002610
002619
002626
002659
002675
002697
002707
002715
002735
002736
002737
002768
002828
002846
002870
002891
002894
002902
002903
002912
002927
002929
002933
002934
002937
002945
002946
002974
002994
003057
003068
003077
003079
003090
003091
003094
003119
003126
003131
003134
003136
003147
003149
003181
003188
003214
003221
003235
003236
003258
003263
003275
003284
003300
003307
003310
003311
003313
003315
003324
003337
003339
003370
003373
003375
003376
003388
003396
003403
003424
003438
003443
003450
003455
003459
003477
003495
003496
003500
003502
003504
003507
003509
003514
003520
003539
003540
003549
003560
003579
003592
003595
003599
003603
003624
003627
003630
003647
003653
003655
003662
003676
003677
003689
003699
003714
003719
003728
003740
003742
003749
003752
003756
003758
003761
003780
003789
003804
003807
003811
003860
003862
003863
003868
003877
003907
003908
003922
003924
003928
003929
003936
003942
003943
003944
003947
003950
003972
003974
003976
003982
003987
004011
004018
004035
004044
004055
004063
004073
004082
004086
004101
004123
004126
004128
004131
004139
004153
004163
004165
004170
004177
004192
004199
004208
004220
004228
004251
004259
004260
004261
004298
004305
004306
004315
004316
004319
004323
004326
004331
004344
004358
004361
004367
004380
004393
004396
004452
004454
004461
004478
004493
004499
004500
004502
004505
004510
004534
004550
004551
004567
004569
004572
004581
004588
004592
004606
004629
004639
004644
004653
004664
004673
004685
004719
004733
004788
004789
004814
004826
004833
004836
004853
004864
004866
004875
004898
004902
004907
004909
004913
004918
004923
004926
004932
004936
004942
004949
004961
004965
004981
004989
004990
005004
005010
005022
005045
005057
005065
005067
005081
005103
005122
005146
005154
005160
005161
005212
005226
005230
005234
005263
005281
005294
005318
005334
005339
005350
005355
005364
005370
005399
005402
005406
005410
005415
005422
005423
005426
005428
005430
005431
005432
005440
005442
005455
005465
005481
005483
005486
005500
005516
005557
005598
005609
005613
005626
005629
005637
005639
005642
005657
005668
005701
005706
005716
005746
005752
005759
005770
005783
005805
005826
005867
005876
005882
005915
005917
005921
005923
005931
005938
005945
005947
005963
005974
005977
005982
005995
006006
006007
006011
006020
006031
006033
006035
006059
006061
006076
006091
006121
006136
006154
006177
006182
006191
